100.0
100.0
100.0
100.0
100.0
100.0
100.0
100.0
100.0
100.0
100.0
100.0
100.0
100.0
100.0
100.0
100.0
100.0
100.0
100.0
100.0
100.0
100.0
100.0
100.0
100.0
100.0
100.0
100.0
100.0
100.0
100.0
100.0
100.0
100.0
100.0
100.0
100.0
100.0
100.0
100.0
100.0
100.0
100.0
100.0
100.0
6.126864900734972
5.652342276496938
5.652342276496938
5.865300783970952
5.713682841499121
5.652342276496938
5.652342276496938
5.713682841499121
5.4718218432922185
5.300500782263271
4.960415935770698
4.960415935770698
5.0421118142376145
6.4081664734003425
9.273426342474522
10.13475150075351
11.283711370258516
12.227058504458228
12.227058504458228
100.0
100.0
100.0
100.0
12.30015572110392
9.541357939045838
4.468095281438082
3.8464170943657336
3.1707097849205184
3.1707097849205184
3.2797291592091824
3.2797291592091824
3.3143640898554163
3.4968067860484098
3.586123033975127
3.9484339645628093
3.9484339645628093
4.570438249088966
6.308672560936429
6.331241905303841
6.331241905303841
20.574317877459407
85.82898784723784
85.82898784723784
85.82898784723784
12.906249901179534
9.62971306133204
5.021138627599839
3.9980178701166547
3.9980178701166547
3.869621470822267
3.9980178701166547
4.140419281496634
4.133416777405046
4.140419281496634
6.558497188875435
6.558497188875435
7.258043906866305
7.258043906866305
8.24205018734483
8.24205018734483
8.946694313159924
5.352950905822581
5.064663995786532
4.06857496621069
3.752020593628458
3.7348575917205835
3.7348575917205835
3.752020593628458
4.06857496621069
4.111808558678149
4.111808558678149
4.90640397231391
100.0
100.0
100.0
100.0
100.0
100.0
100.0
100.0
8.613920905394252
3.971655503837837
3.971655503837837
3.971655503837837
3.971655503837837
4.913063216133196
4.913063216133196
100.0
100.0
100.0
100.0
100.0
6.991056280921838
5.807770407601083
